{
 "cells": [
  {
   "cell_type": "markdown",
   "metadata": {},
   "source": [
    "# DX 602 Final Project"
   ]
  },
  {
   "cell_type": "markdown",
   "metadata": {},
   "source": [
    "## Introduction\n",
    "\n",
    "In this project, you will practice the skills that you have learned throughout this module with a heavy focus on building models.\n",
    "Most of the problems and questions are open ended compared to your previous homeworks, and you will be asked to explain your choices.\n",
    "Most of them will have a particular type of solution implied, but it is up to you to figure out the details based on what you have learned in this module."
   ]
  },
  {
   "cell_type": "markdown",
   "metadata": {},
   "source": [
    "## Instructions\n",
    "\n",
    "Each problem asks you to perform build models, run a computation, or otherwise perform some analysis of the data, and usually answer some questions about the results.\n",
    "Make sure that your question answers are well supported by your analysis and explanations; simply stating an answer without support will earn minimal points.\n",
    "\n",
    "Notebook cells for code and text have been added for your convenience, but feel free to add additional cells."
   ]
  },
  {
   "cell_type": "markdown",
   "metadata": {},
   "source": [
    "## Example Code\n",
    "\n",
    "You may find it helpful to refer to this GitHub repository of Jupyter notebooks for example code.\n",
    "\n",
    "* https://github.com/bu-cds-omds/dx601-examples\n",
    "* https://github.com/bu-cds-omds/dx602-examples\n",
    "\n",
    "Any calculations demonstrated in code examples or videos may be found in these notebooks, and you are allowed to copy this example code in your homework answers."
   ]
  },
  {
   "cell_type": "markdown",
   "metadata": {},
   "source": [
    "## Submission\n",
    "\n",
    "This project will be entirely manually graded.\n",
    "However, we may rerun some or all of your code to confirm that it works as described."
   ]
  },
  {
   "cell_type": "markdown",
   "metadata": {},
   "source": [
    "### Late Policy\n",
    "\n",
    "The normal homework late policy for OMDS does not apply to this project.\n",
    "Boston University requires final grades to be submitted within 72 hours of class instruction ending, so we cannot accommodate 5 days of late submissions.\n",
    "\n",
    "However, we have delayed the due date of this project to be substantially later than necessary given its scope, and given you more days for submission with full credit than you would have had days for submission with partial credit under the homework late policy.\n",
    "The Thanksgiving holiday was also taken into account in setting the deadline.\n",
    "Finally, the deadlines for DX 601 and DX 602 were coordinated to be a week apart while giving ample time for both of their projects."
   ]
  },
  {
   "cell_type": "markdown",
   "metadata": {},
   "source": [
    "## Shared Imports\n",
    "\n",
    "For this project, you are forbidden to use modules that were not loaded in this template.\n",
    "While other modules are handy in practice, modules that trivialize these problems interfere with our assessment of your own knowledge and skills.\n",
    "\n",
    "If you believe a module covered in the course material (not live sessions) is missing, please check with your learning facilitator. # super confusing since problem 6 asks us to research other modules."
   ]
  },
  {
   "cell_type": "code",
   "execution_count": 1,
   "metadata": {},
   "outputs": [],
   "source": [
    "import math\n",
    "import sys"
   ]
  },
  {
   "cell_type": "code",
   "execution_count": 2,
   "metadata": {},
   "outputs": [],
   "source": [
    "import matplotlib.pyplot as plt\n",
    "import numpy as np\n",
    "import pandas as pd\n",
    "import scipy.stats\n",
    "import sklearn.linear_model"
   ]
  },
  {
   "cell_type": "markdown",
   "metadata": {},
   "source": [
    "## Problems"
   ]
  },
  {
   "cell_type": "markdown",
   "metadata": {},
   "source": [
    "### Problem 1 (5 points)\n",
    "\n",
    "Pick one of the following data sets to analyze in this project.\n",
    "Load the data set, and show a random sample of 10 rows.\n",
    "\n",
    "* [Wine Quality](https://archive.ics.uci.edu/dataset/186/wine+quality) ([PMLB - red subset only](https://github.com/EpistasisLab/pmlb/tree/master/datasets/wine_quality_red))\n",
    "* [Body Fat](https://www.openml.org/search?type=data&status=active&id=560) ([PMLB](https://github.com/EpistasisLab/pmlb/tree/master/datasets/560_bodyfat))\n",
    "\n",
    "The PMLB copies of the data are generally cleaner and recommended for this project, but the other links are provided to give you more context.\n",
    "To load the data from the PMLB Github repository, navigate to the `.tsv.gz` file in GitHub and copy the link from the \"Raw\" button.\n",
    "\n",
    "If the dataset has missing data, you should drop the rows with missing data before proceeding.\n",
    "If the data set you choose has more than ten columns, you may limit later analysis that is requested per column to just the first ten columns."
   ]
  },
  {
   "cell_type": "code",
   "execution_count": 26,
   "metadata": {},
   "outputs": [
    {
     "data": {
      "text/html": [
       "<div>\n",
       "<style scoped>\n",
       "    .dataframe tbody tr th:only-of-type {\n",
       "        vertical-align: middle;\n",
       "    }\n",
       "\n",
       "    .dataframe tbody tr th {\n",
       "        vertical-align: top;\n",
       "    }\n",
       "\n",
       "    .dataframe thead th {\n",
       "        text-align: right;\n",
       "    }\n",
       "</style>\n",
       "<table border=\"1\" class=\"dataframe\">\n",
       "  <thead>\n",
       "    <tr style=\"text-align: right;\">\n",
       "      <th></th>\n",
       "      <th>Density</th>\n",
       "      <th>Age</th>\n",
       "      <th>Weight</th>\n",
       "      <th>Height</th>\n",
       "      <th>Neck</th>\n",
       "      <th>Chest</th>\n",
       "      <th>Abdomen</th>\n",
       "      <th>Hip</th>\n",
       "      <th>Thigh</th>\n",
       "      <th>Knee</th>\n",
       "      <th>Ankle</th>\n",
       "      <th>Biceps</th>\n",
       "      <th>Forearm</th>\n",
       "      <th>Wrist</th>\n",
       "      <th>target</th>\n",
       "    </tr>\n",
       "  </thead>\n",
       "  <tbody>\n",
       "    <tr>\n",
       "      <th>11</th>\n",
       "      <td>1.0812</td>\n",
       "      <td>27.0</td>\n",
       "      <td>216.00</td>\n",
       "      <td>76.00</td>\n",
       "      <td>39.400002</td>\n",
       "      <td>103.599998</td>\n",
       "      <td>90.900002</td>\n",
       "      <td>107.699997</td>\n",
       "      <td>66.199997</td>\n",
       "      <td>39.200001</td>\n",
       "      <td>25.900000</td>\n",
       "      <td>37.200001</td>\n",
       "      <td>30.200001</td>\n",
       "      <td>19.000000</td>\n",
       "      <td>7.800000</td>\n",
       "    </tr>\n",
       "    <tr>\n",
       "      <th>231</th>\n",
       "      <td>1.0620</td>\n",
       "      <td>57.0</td>\n",
       "      <td>182.25</td>\n",
       "      <td>71.75</td>\n",
       "      <td>39.400002</td>\n",
       "      <td>103.400002</td>\n",
       "      <td>96.699997</td>\n",
       "      <td>100.699997</td>\n",
       "      <td>59.299999</td>\n",
       "      <td>38.599998</td>\n",
       "      <td>22.799999</td>\n",
       "      <td>31.799999</td>\n",
       "      <td>29.100000</td>\n",
       "      <td>19.000000</td>\n",
       "      <td>16.100000</td>\n",
       "    </tr>\n",
       "    <tr>\n",
       "      <th>203</th>\n",
       "      <td>1.0854</td>\n",
       "      <td>44.0</td>\n",
       "      <td>184.00</td>\n",
       "      <td>74.00</td>\n",
       "      <td>37.900002</td>\n",
       "      <td>100.800003</td>\n",
       "      <td>89.099998</td>\n",
       "      <td>102.599998</td>\n",
       "      <td>60.599998</td>\n",
       "      <td>39.000000</td>\n",
       "      <td>24.000000</td>\n",
       "      <td>32.900002</td>\n",
       "      <td>29.200001</td>\n",
       "      <td>18.400000</td>\n",
       "      <td>6.000000</td>\n",
       "    </tr>\n",
       "    <tr>\n",
       "      <th>81</th>\n",
       "      <td>1.0382</td>\n",
       "      <td>64.0</td>\n",
       "      <td>150.25</td>\n",
       "      <td>67.25</td>\n",
       "      <td>38.099998</td>\n",
       "      <td>97.099998</td>\n",
       "      <td>89.000000</td>\n",
       "      <td>96.900002</td>\n",
       "      <td>54.799999</td>\n",
       "      <td>38.000000</td>\n",
       "      <td>22.000000</td>\n",
       "      <td>29.900000</td>\n",
       "      <td>25.200001</td>\n",
       "      <td>17.700001</td>\n",
       "      <td>26.799999</td>\n",
       "    </tr>\n",
       "    <tr>\n",
       "      <th>115</th>\n",
       "      <td>1.0607</td>\n",
       "      <td>40.0</td>\n",
       "      <td>158.00</td>\n",
       "      <td>69.25</td>\n",
       "      <td>36.299999</td>\n",
       "      <td>97.000000</td>\n",
       "      <td>86.599998</td>\n",
       "      <td>92.599998</td>\n",
       "      <td>55.900002</td>\n",
       "      <td>36.299999</td>\n",
       "      <td>22.100000</td>\n",
       "      <td>29.799999</td>\n",
       "      <td>26.299999</td>\n",
       "      <td>17.299999</td>\n",
       "      <td>16.700001</td>\n",
       "    </tr>\n",
       "    <tr>\n",
       "      <th>61</th>\n",
       "      <td>1.0317</td>\n",
       "      <td>56.0</td>\n",
       "      <td>178.75</td>\n",
       "      <td>68.50</td>\n",
       "      <td>35.599998</td>\n",
       "      <td>102.900002</td>\n",
       "      <td>94.699997</td>\n",
       "      <td>100.800003</td>\n",
       "      <td>60.900002</td>\n",
       "      <td>38.000000</td>\n",
       "      <td>22.100000</td>\n",
       "      <td>32.500000</td>\n",
       "      <td>29.799999</td>\n",
       "      <td>18.299999</td>\n",
       "      <td>29.799999</td>\n",
       "    </tr>\n",
       "    <tr>\n",
       "      <th>90</th>\n",
       "      <td>1.0520</td>\n",
       "      <td>46.0</td>\n",
       "      <td>177.00</td>\n",
       "      <td>70.00</td>\n",
       "      <td>37.200001</td>\n",
       "      <td>99.699997</td>\n",
       "      <td>95.599998</td>\n",
       "      <td>102.199997</td>\n",
       "      <td>58.299999</td>\n",
       "      <td>38.200001</td>\n",
       "      <td>22.500000</td>\n",
       "      <td>29.100000</td>\n",
       "      <td>27.700001</td>\n",
       "      <td>17.700001</td>\n",
       "      <td>20.500000</td>\n",
       "    </tr>\n",
       "    <tr>\n",
       "      <th>71</th>\n",
       "      <td>1.0788</td>\n",
       "      <td>55.0</td>\n",
       "      <td>146.75</td>\n",
       "      <td>68.75</td>\n",
       "      <td>38.700001</td>\n",
       "      <td>88.500000</td>\n",
       "      <td>82.800003</td>\n",
       "      <td>95.500000</td>\n",
       "      <td>58.900002</td>\n",
       "      <td>37.599998</td>\n",
       "      <td>21.600000</td>\n",
       "      <td>30.299999</td>\n",
       "      <td>27.299999</td>\n",
       "      <td>18.299999</td>\n",
       "      <td>8.800000</td>\n",
       "    </tr>\n",
       "    <tr>\n",
       "      <th>23</th>\n",
       "      <td>1.0584</td>\n",
       "      <td>32.0</td>\n",
       "      <td>148.75</td>\n",
       "      <td>70.00</td>\n",
       "      <td>35.500000</td>\n",
       "      <td>86.699997</td>\n",
       "      <td>80.000000</td>\n",
       "      <td>93.400002</td>\n",
       "      <td>54.900002</td>\n",
       "      <td>36.200001</td>\n",
       "      <td>22.100000</td>\n",
       "      <td>29.799999</td>\n",
       "      <td>26.700001</td>\n",
       "      <td>17.100000</td>\n",
       "      <td>17.700001</td>\n",
       "    </tr>\n",
       "    <tr>\n",
       "      <th>88</th>\n",
       "      <td>1.0800</td>\n",
       "      <td>46.0</td>\n",
       "      <td>176.75</td>\n",
       "      <td>72.50</td>\n",
       "      <td>38.000000</td>\n",
       "      <td>97.300003</td>\n",
       "      <td>86.000000</td>\n",
       "      <td>99.300003</td>\n",
       "      <td>61.000000</td>\n",
       "      <td>38.400002</td>\n",
       "      <td>23.799999</td>\n",
       "      <td>30.200001</td>\n",
       "      <td>29.299999</td>\n",
       "      <td>18.799999</td>\n",
       "      <td>8.300000</td>\n",
       "    </tr>\n",
       "  </tbody>\n",
       "</table>\n",
       "</div>"
      ],
      "text/plain": [
       "     Density   Age  Weight  Height       Neck       Chest    Abdomen  \\\n",
       "11    1.0812  27.0  216.00   76.00  39.400002  103.599998  90.900002   \n",
       "231   1.0620  57.0  182.25   71.75  39.400002  103.400002  96.699997   \n",
       "203   1.0854  44.0  184.00   74.00  37.900002  100.800003  89.099998   \n",
       "81    1.0382  64.0  150.25   67.25  38.099998   97.099998  89.000000   \n",
       "115   1.0607  40.0  158.00   69.25  36.299999   97.000000  86.599998   \n",
       "61    1.0317  56.0  178.75   68.50  35.599998  102.900002  94.699997   \n",
       "90    1.0520  46.0  177.00   70.00  37.200001   99.699997  95.599998   \n",
       "71    1.0788  55.0  146.75   68.75  38.700001   88.500000  82.800003   \n",
       "23    1.0584  32.0  148.75   70.00  35.500000   86.699997  80.000000   \n",
       "88    1.0800  46.0  176.75   72.50  38.000000   97.300003  86.000000   \n",
       "\n",
       "            Hip      Thigh       Knee      Ankle     Biceps    Forearm  \\\n",
       "11   107.699997  66.199997  39.200001  25.900000  37.200001  30.200001   \n",
       "231  100.699997  59.299999  38.599998  22.799999  31.799999  29.100000   \n",
       "203  102.599998  60.599998  39.000000  24.000000  32.900002  29.200001   \n",
       "81    96.900002  54.799999  38.000000  22.000000  29.900000  25.200001   \n",
       "115   92.599998  55.900002  36.299999  22.100000  29.799999  26.299999   \n",
       "61   100.800003  60.900002  38.000000  22.100000  32.500000  29.799999   \n",
       "90   102.199997  58.299999  38.200001  22.500000  29.100000  27.700001   \n",
       "71    95.500000  58.900002  37.599998  21.600000  30.299999  27.299999   \n",
       "23    93.400002  54.900002  36.200001  22.100000  29.799999  26.700001   \n",
       "88    99.300003  61.000000  38.400002  23.799999  30.200001  29.299999   \n",
       "\n",
       "         Wrist     target  \n",
       "11   19.000000   7.800000  \n",
       "231  19.000000  16.100000  \n",
       "203  18.400000   6.000000  \n",
       "81   17.700001  26.799999  \n",
       "115  17.299999  16.700001  \n",
       "61   18.299999  29.799999  \n",
       "90   17.700001  20.500000  \n",
       "71   18.299999   8.800000  \n",
       "23   17.100000  17.700001  \n",
       "88   18.799999   8.300000  "
      ]
     },
     "execution_count": 26,
     "metadata": {},
     "output_type": "execute_result"
    }
   ],
   "source": [
    "# YOUR CODE HERE\n",
    "df_bf = pd.read_csv('560_bodyfat.tsv', sep='\\t')\n",
    "df_bf.isnull().sum() #use this to check for NaN but found none\n",
    "df_bf.sample(10)\n",
    "# df_bf = df_bf.iloc[:, :10] to slice the columns but dont need it right now\n",
    "# df_bf.shape"
   ]
  },
  {
   "cell_type": "markdown",
   "metadata": {},
   "source": [
    "some of the code is for checking side quests in the problem but dont need them."
   ]
  },
  {
   "cell_type": "markdown",
   "metadata": {},
   "source": [
    "### Problem 2 (10 points)\n",
    "\n",
    "List all of the columns and describe them in your own words."
   ]
  },
  {
   "cell_type": "code",
   "execution_count": 25,
   "metadata": {},
   "outputs": [
    {
     "data": {
      "text/plain": [
       "['Density',\n",
       " 'Age',\n",
       " 'Weight',\n",
       " 'Height',\n",
       " 'Neck',\n",
       " 'Chest',\n",
       " 'Abdomen',\n",
       " 'Hip',\n",
       " 'Thigh',\n",
       " 'Knee',\n",
       " 'Ankle',\n",
       " 'Biceps',\n",
       " 'Forearm',\n",
       " 'Wrist',\n",
       " 'target']"
      ]
     },
     "execution_count": 25,
     "metadata": {},
     "output_type": "execute_result"
    }
   ],
   "source": [
    "# YOUR CODE HERE\n",
    "df_bf.columns.tolist()"
   ]
  },
  {
   "cell_type": "markdown",
   "metadata": {},
   "source": [
    "Density: Body desnity which is mass per unit volume. used to estimate body fat percentage.\n",
    "age: age of a person in years.\n",
    "weight: weight of a person in pounds.\n",
    "height: height of a person in inches.\n",
    "neck: neck circumference in cm.\n",
    "chest: chest circumference in cm.\n",
    "Abdomen: abdomen circumference in cm.\n",
    "Hip: hip circumference in cm.\n",
    "thigh: thigh circumference in cm.\n",
    "Knee: knee circumference in cm.\n",
    "Ankle: ankle circumference in cm.\n",
    "Biceps: biceps circumference in cm.\n",
    "Forearm: forearm circumference in cm.\n",
    "Wrist: wrist circumference in cm.\n",
    "Target: percentage of body fat."
   ]
  },
  {
   "cell_type": "markdown",
   "metadata": {},
   "source": [
    "### Problem 3 (50 points)\n",
    "\n",
    "Perform an exploratory analysis of the data set.\n",
    "After your exploratory analysis, pick 3 individual charts that you the think were particularly interesting.\n",
    "Repeat those charts separately from your original analysis, and after each of those charts, explain what you thought was noteworthy."
   ]
  },
  {
   "cell_type": "code",
   "execution_count": 41,
   "metadata": {},
   "outputs": [
    {
     "data": {
      "text/html": [
       "<div>\n",
       "<style scoped>\n",
       "    .dataframe tbody tr th:only-of-type {\n",
       "        vertical-align: middle;\n",
       "    }\n",
       "\n",
       "    .dataframe tbody tr th {\n",
       "        vertical-align: top;\n",
       "    }\n",
       "\n",
       "    .dataframe thead th {\n",
       "        text-align: right;\n",
       "    }\n",
       "</style>\n",
       "<table border=\"1\" class=\"dataframe\">\n",
       "  <thead>\n",
       "    <tr style=\"text-align: right;\">\n",
       "      <th></th>\n",
       "      <th>Density</th>\n",
       "      <th>Age</th>\n",
       "      <th>Weight</th>\n",
       "      <th>Height</th>\n",
       "      <th>Neck</th>\n",
       "      <th>Chest</th>\n",
       "      <th>Abdomen</th>\n",
       "      <th>Hip</th>\n",
       "      <th>Thigh</th>\n",
       "      <th>Knee</th>\n",
       "      <th>Ankle</th>\n",
       "      <th>Biceps</th>\n",
       "      <th>Forearm</th>\n",
       "      <th>Wrist</th>\n",
       "      <th>target</th>\n",
       "    </tr>\n",
       "  </thead>\n",
       "  <tbody>\n",
       "    <tr>\n",
       "      <th>Density</th>\n",
       "      <td>1.000000</td>\n",
       "      <td>-0.277637</td>\n",
       "      <td>-0.594062</td>\n",
       "      <td>0.097881</td>\n",
       "      <td>-0.472967</td>\n",
       "      <td>-0.682599</td>\n",
       "      <td>-0.798955</td>\n",
       "      <td>-0.609332</td>\n",
       "      <td>-0.553091</td>\n",
       "      <td>-0.495041</td>\n",
       "      <td>-0.264890</td>\n",
       "      <td>-0.487109</td>\n",
       "      <td>-0.351648</td>\n",
       "      <td>-0.325716</td>\n",
       "      <td>-0.987782</td>\n",
       "    </tr>\n",
       "    <tr>\n",
       "      <th>Age</th>\n",
       "      <td>-0.277637</td>\n",
       "      <td>1.000000</td>\n",
       "      <td>-0.012746</td>\n",
       "      <td>-0.171645</td>\n",
       "      <td>0.113505</td>\n",
       "      <td>0.176450</td>\n",
       "      <td>0.230409</td>\n",
       "      <td>-0.050332</td>\n",
       "      <td>-0.200096</td>\n",
       "      <td>0.017516</td>\n",
       "      <td>-0.105058</td>\n",
       "      <td>-0.041162</td>\n",
       "      <td>-0.085056</td>\n",
       "      <td>0.213531</td>\n",
       "      <td>0.291458</td>\n",
       "    </tr>\n",
       "    <tr>\n",
       "      <th>Weight</th>\n",
       "      <td>-0.594062</td>\n",
       "      <td>-0.012746</td>\n",
       "      <td>1.000000</td>\n",
       "      <td>0.308279</td>\n",
       "      <td>0.830716</td>\n",
       "      <td>0.894190</td>\n",
       "      <td>0.887995</td>\n",
       "      <td>0.940884</td>\n",
       "      <td>0.868694</td>\n",
       "      <td>0.853167</td>\n",
       "      <td>0.613685</td>\n",
       "      <td>0.800416</td>\n",
       "      <td>0.630301</td>\n",
       "      <td>0.729775</td>\n",
       "      <td>0.612414</td>\n",
       "    </tr>\n",
       "    <tr>\n",
       "      <th>Height</th>\n",
       "      <td>0.097881</td>\n",
       "      <td>-0.171645</td>\n",
       "      <td>0.308279</td>\n",
       "      <td>1.000000</td>\n",
       "      <td>0.253710</td>\n",
       "      <td>0.134892</td>\n",
       "      <td>0.087813</td>\n",
       "      <td>0.170394</td>\n",
       "      <td>0.148436</td>\n",
       "      <td>0.286053</td>\n",
       "      <td>0.264744</td>\n",
       "      <td>0.207816</td>\n",
       "      <td>0.228649</td>\n",
       "      <td>0.322065</td>\n",
       "      <td>-0.089495</td>\n",
       "    </tr>\n",
       "    <tr>\n",
       "      <th>Neck</th>\n",
       "      <td>-0.472967</td>\n",
       "      <td>0.113505</td>\n",
       "      <td>0.830716</td>\n",
       "      <td>0.253710</td>\n",
       "      <td>1.000000</td>\n",
       "      <td>0.784835</td>\n",
       "      <td>0.754077</td>\n",
       "      <td>0.734958</td>\n",
       "      <td>0.695697</td>\n",
       "      <td>0.672405</td>\n",
       "      <td>0.477892</td>\n",
       "      <td>0.731146</td>\n",
       "      <td>0.623660</td>\n",
       "      <td>0.744826</td>\n",
       "      <td>0.490592</td>\n",
       "    </tr>\n",
       "    <tr>\n",
       "      <th>Chest</th>\n",
       "      <td>-0.682599</td>\n",
       "      <td>0.176450</td>\n",
       "      <td>0.894190</td>\n",
       "      <td>0.134892</td>\n",
       "      <td>0.784835</td>\n",
       "      <td>1.000000</td>\n",
       "      <td>0.915828</td>\n",
       "      <td>0.829420</td>\n",
       "      <td>0.729859</td>\n",
       "      <td>0.719496</td>\n",
       "      <td>0.482988</td>\n",
       "      <td>0.727907</td>\n",
       "      <td>0.580173</td>\n",
       "      <td>0.660162</td>\n",
       "      <td>0.702620</td>\n",
       "    </tr>\n",
       "    <tr>\n",
       "      <th>Abdomen</th>\n",
       "      <td>-0.798955</td>\n",
       "      <td>0.230409</td>\n",
       "      <td>0.887995</td>\n",
       "      <td>0.087813</td>\n",
       "      <td>0.754077</td>\n",
       "      <td>0.915828</td>\n",
       "      <td>1.000000</td>\n",
       "      <td>0.874066</td>\n",
       "      <td>0.766624</td>\n",
       "      <td>0.737179</td>\n",
       "      <td>0.453223</td>\n",
       "      <td>0.684983</td>\n",
       "      <td>0.503316</td>\n",
       "      <td>0.619832</td>\n",
       "      <td>0.813432</td>\n",
       "    </tr>\n",
       "    <tr>\n",
       "      <th>Hip</th>\n",
       "      <td>-0.609332</td>\n",
       "      <td>-0.050332</td>\n",
       "      <td>0.940884</td>\n",
       "      <td>0.170394</td>\n",
       "      <td>0.734958</td>\n",
       "      <td>0.829420</td>\n",
       "      <td>0.874066</td>\n",
       "      <td>1.000000</td>\n",
       "      <td>0.896410</td>\n",
       "      <td>0.823473</td>\n",
       "      <td>0.558387</td>\n",
       "      <td>0.739273</td>\n",
       "      <td>0.545014</td>\n",
       "      <td>0.630090</td>\n",
       "      <td>0.625201</td>\n",
       "    </tr>\n",
       "    <tr>\n",
       "      <th>Thigh</th>\n",
       "      <td>-0.553091</td>\n",
       "      <td>-0.200096</td>\n",
       "      <td>0.868694</td>\n",
       "      <td>0.148436</td>\n",
       "      <td>0.695697</td>\n",
       "      <td>0.729859</td>\n",
       "      <td>0.766624</td>\n",
       "      <td>0.896410</td>\n",
       "      <td>1.000000</td>\n",
       "      <td>0.799170</td>\n",
       "      <td>0.539797</td>\n",
       "      <td>0.761477</td>\n",
       "      <td>0.566842</td>\n",
       "      <td>0.558685</td>\n",
       "      <td>0.559608</td>\n",
       "    </tr>\n",
       "    <tr>\n",
       "      <th>Knee</th>\n",
       "      <td>-0.495041</td>\n",
       "      <td>0.017516</td>\n",
       "      <td>0.853167</td>\n",
       "      <td>0.286053</td>\n",
       "      <td>0.672405</td>\n",
       "      <td>0.719496</td>\n",
       "      <td>0.737179</td>\n",
       "      <td>0.823473</td>\n",
       "      <td>0.799170</td>\n",
       "      <td>1.000000</td>\n",
       "      <td>0.611608</td>\n",
       "      <td>0.678709</td>\n",
       "      <td>0.555898</td>\n",
       "      <td>0.664507</td>\n",
       "      <td>0.508665</td>\n",
       "    </tr>\n",
       "    <tr>\n",
       "      <th>Ankle</th>\n",
       "      <td>-0.264890</td>\n",
       "      <td>-0.105058</td>\n",
       "      <td>0.613685</td>\n",
       "      <td>0.264744</td>\n",
       "      <td>0.477892</td>\n",
       "      <td>0.482988</td>\n",
       "      <td>0.453223</td>\n",
       "      <td>0.558387</td>\n",
       "      <td>0.539797</td>\n",
       "      <td>0.611608</td>\n",
       "      <td>1.000000</td>\n",
       "      <td>0.484855</td>\n",
       "      <td>0.419050</td>\n",
       "      <td>0.566195</td>\n",
       "      <td>0.265970</td>\n",
       "    </tr>\n",
       "    <tr>\n",
       "      <th>Biceps</th>\n",
       "      <td>-0.487109</td>\n",
       "      <td>-0.041162</td>\n",
       "      <td>0.800416</td>\n",
       "      <td>0.207816</td>\n",
       "      <td>0.731146</td>\n",
       "      <td>0.727907</td>\n",
       "      <td>0.684983</td>\n",
       "      <td>0.739273</td>\n",
       "      <td>0.761477</td>\n",
       "      <td>0.678709</td>\n",
       "      <td>0.484855</td>\n",
       "      <td>1.000000</td>\n",
       "      <td>0.678255</td>\n",
       "      <td>0.632126</td>\n",
       "      <td>0.493271</td>\n",
       "    </tr>\n",
       "    <tr>\n",
       "      <th>Forearm</th>\n",
       "      <td>-0.351648</td>\n",
       "      <td>-0.085056</td>\n",
       "      <td>0.630301</td>\n",
       "      <td>0.228649</td>\n",
       "      <td>0.623660</td>\n",
       "      <td>0.580173</td>\n",
       "      <td>0.503316</td>\n",
       "      <td>0.545014</td>\n",
       "      <td>0.566842</td>\n",
       "      <td>0.555898</td>\n",
       "      <td>0.419050</td>\n",
       "      <td>0.678255</td>\n",
       "      <td>1.000000</td>\n",
       "      <td>0.585588</td>\n",
       "      <td>0.361387</td>\n",
       "    </tr>\n",
       "    <tr>\n",
       "      <th>Wrist</th>\n",
       "      <td>-0.325716</td>\n",
       "      <td>0.213531</td>\n",
       "      <td>0.729775</td>\n",
       "      <td>0.322065</td>\n",
       "      <td>0.744826</td>\n",
       "      <td>0.660162</td>\n",
       "      <td>0.619832</td>\n",
       "      <td>0.630090</td>\n",
       "      <td>0.558685</td>\n",
       "      <td>0.664507</td>\n",
       "      <td>0.566195</td>\n",
       "      <td>0.632126</td>\n",
       "      <td>0.585588</td>\n",
       "      <td>1.000000</td>\n",
       "      <td>0.346575</td>\n",
       "    </tr>\n",
       "    <tr>\n",
       "      <th>target</th>\n",
       "      <td>-0.987782</td>\n",
       "      <td>0.291458</td>\n",
       "      <td>0.612414</td>\n",
       "      <td>-0.089495</td>\n",
       "      <td>0.490592</td>\n",
       "      <td>0.702620</td>\n",
       "      <td>0.813432</td>\n",
       "      <td>0.625201</td>\n",
       "      <td>0.559608</td>\n",
       "      <td>0.508665</td>\n",
       "      <td>0.265970</td>\n",
       "      <td>0.493271</td>\n",
       "      <td>0.361387</td>\n",
       "      <td>0.346575</td>\n",
       "      <td>1.000000</td>\n",
       "    </tr>\n",
       "  </tbody>\n",
       "</table>\n",
       "</div>"
      ],
      "text/plain": [
       "          Density       Age    Weight    Height      Neck     Chest   Abdomen  \\\n",
       "Density  1.000000 -0.277637 -0.594062  0.097881 -0.472967 -0.682599 -0.798955   \n",
       "Age     -0.277637  1.000000 -0.012746 -0.171645  0.113505  0.176450  0.230409   \n",
       "Weight  -0.594062 -0.012746  1.000000  0.308279  0.830716  0.894190  0.887995   \n",
       "Height   0.097881 -0.171645  0.308279  1.000000  0.253710  0.134892  0.087813   \n",
       "Neck    -0.472967  0.113505  0.830716  0.253710  1.000000  0.784835  0.754077   \n",
       "Chest   -0.682599  0.176450  0.894190  0.134892  0.784835  1.000000  0.915828   \n",
       "Abdomen -0.798955  0.230409  0.887995  0.087813  0.754077  0.915828  1.000000   \n",
       "Hip     -0.609332 -0.050332  0.940884  0.170394  0.734958  0.829420  0.874066   \n",
       "Thigh   -0.553091 -0.200096  0.868694  0.148436  0.695697  0.729859  0.766624   \n",
       "Knee    -0.495041  0.017516  0.853167  0.286053  0.672405  0.719496  0.737179   \n",
       "Ankle   -0.264890 -0.105058  0.613685  0.264744  0.477892  0.482988  0.453223   \n",
       "Biceps  -0.487109 -0.041162  0.800416  0.207816  0.731146  0.727907  0.684983   \n",
       "Forearm -0.351648 -0.085056  0.630301  0.228649  0.623660  0.580173  0.503316   \n",
       "Wrist   -0.325716  0.213531  0.729775  0.322065  0.744826  0.660162  0.619832   \n",
       "target  -0.987782  0.291458  0.612414 -0.089495  0.490592  0.702620  0.813432   \n",
       "\n",
       "              Hip     Thigh      Knee     Ankle    Biceps   Forearm     Wrist  \\\n",
       "Density -0.609332 -0.553091 -0.495041 -0.264890 -0.487109 -0.351648 -0.325716   \n",
       "Age     -0.050332 -0.200096  0.017516 -0.105058 -0.041162 -0.085056  0.213531   \n",
       "Weight   0.940884  0.868694  0.853167  0.613685  0.800416  0.630301  0.729775   \n",
       "Height   0.170394  0.148436  0.286053  0.264744  0.207816  0.228649  0.322065   \n",
       "Neck     0.734958  0.695697  0.672405  0.477892  0.731146  0.623660  0.744826   \n",
       "Chest    0.829420  0.729859  0.719496  0.482988  0.727907  0.580173  0.660162   \n",
       "Abdomen  0.874066  0.766624  0.737179  0.453223  0.684983  0.503316  0.619832   \n",
       "Hip      1.000000  0.896410  0.823473  0.558387  0.739273  0.545014  0.630090   \n",
       "Thigh    0.896410  1.000000  0.799170  0.539797  0.761477  0.566842  0.558685   \n",
       "Knee     0.823473  0.799170  1.000000  0.611608  0.678709  0.555898  0.664507   \n",
       "Ankle    0.558387  0.539797  0.611608  1.000000  0.484855  0.419050  0.566195   \n",
       "Biceps   0.739273  0.761477  0.678709  0.484855  1.000000  0.678255  0.632126   \n",
       "Forearm  0.545014  0.566842  0.555898  0.419050  0.678255  1.000000  0.585588   \n",
       "Wrist    0.630090  0.558685  0.664507  0.566195  0.632126  0.585588  1.000000   \n",
       "target   0.625201  0.559608  0.508665  0.265970  0.493271  0.361387  0.346575   \n",
       "\n",
       "           target  \n",
       "Density -0.987782  \n",
       "Age      0.291458  \n",
       "Weight   0.612414  \n",
       "Height  -0.089495  \n",
       "Neck     0.490592  \n",
       "Chest    0.702620  \n",
       "Abdomen  0.813432  \n",
       "Hip      0.625201  \n",
       "Thigh    0.559608  \n",
       "Knee     0.508665  \n",
       "Ankle    0.265970  \n",
       "Biceps   0.493271  \n",
       "Forearm  0.361387  \n",
       "Wrist    0.346575  \n",
       "target   1.000000  "
      ]
     },
     "execution_count": 41,
     "metadata": {},
     "output_type": "execute_result"
    }
   ],
   "source": [
    "df_bf.corr()"
   ]
  },
  {
   "cell_type": "code",
   "execution_count": 40,
   "metadata": {},
   "outputs": [
    {
     "data": {
